12345
12345
1234512345
12345
1234512345
12345
1234512345
12345
1234512345
12345
1234512345
12345
1234512345
12345
1234512345
12345
1234512345
12345
1234512345
12345
1234512345
12345
1234512345
12345
1234512345
12345
1234512345
12345
1234512345
12345
1234512345
12345
1234512345
12345
1234512345
12345
1234512345
12345
1234512345
12345
1234512345
12345
1234512345
12345
1234512345
12345
1234512345
12345
1234512345
12345
1234512345
12345
1234512345
12345
1234512345
12345
1234512345
12345
1234512345
12345
1234512345
12345
1234512345
12345
1234512345
12345
1234512345
12345
1234512345
12345
1234512345
12345
1234512345
12345
1234512345
12345
1234512345
12345
1234512345
12345
1234512345
12345
1234512345
12345
1234512345
12345
1234512345
12345
1234512345
12345
1234512345
12345
1234512345
12345
1234512345
12345
1234512345
12345
1234512345
12345
1234512345
12345
1234512345
12345
1234512345
12345
1234512345
12345
1234512345
12345
1234512345
12345
1234512345
12345
1234512345
12345
1234512345
12345
1234512345
12345
1234512345
12345
1234512345
12345
1234512345
12345
1234512345
12345
1234512345
12345
1234512345
12345
1234512345
12345
1234512345
12345
1234512345
12345
1234512345
12345
1234512345
12345
1234512345
12345
1234512345
12345
1234512345
12345
1234512345
12345
1234512345
12345
1234512345
12345
1234512345
12345
1234512345
12345
1234512345
12345
1234512345
12345
1234512345
12345
1234512345
12345
1234512345
12345
1234512345
12345
1234512345
12345
1234512345
12345
1234512345
12345
1234512345
12345
1234512345
12345
1234512345
12345
1234512345
12345
1234512345
12345
1234512345
12345
1234512345
12345
1234512345
12345
1234512345
12345
1234512345
12345
1234512345
12345
1234512345
12345
1234512345
12345
1234512345
12345
1234512345
12345
1234512345
12345
1234512345
12345
1234512345
12345
1234512345
12345
1234512345
12345
1234512345
12345
1234512345
12345
1234512345
12345
1234512345
12345
1234512345
12345
1234512345
12345
1234512345
12345
1234512345
12345
1234512345
12345
1234512345
12345
1234512345
12345
1234512345
12345
1234512345
12345
1234512345
12345
1234512345
12345
1234
7895
